+491000000000
+491000000001
+491000000002
+491000000003
+491000000004
+491000000005
+491000000006
+491000000007
+491000000008
+491000000009
+491000000010
+491000000011
+491000000012
+491000000013
+491000000014
+491000000015
+491000000016
+491000000017
+491000000018
+491000000019
+491000000020
+491000000021
+491000000022
+491000000023
+491000000024
+491000000025
+491000000026
+491000000027
+491000000028
+491000000029
+491000000030
+491000000031
+491000000032
+491000000033
+491000000034
+491000000035
+491000000036
+491000000037
+491000000038
+491000000039
+491000000040
+491000000041
+491000000042
+491000000043
+491000000044
+491000000045
+491000000046
+491000000047
+491000000048
+491000000049
+491000000050
+491000000051
+491000000052
+491000000053
+491000000054
+491000000055
+491000000056
+491000000057
+491000000058
+491000000059
+491000000060
+491000000061
+491000000062
+491000000063
+491000000064
+491000000065
+491000000066
+491000000067
+491000000068
+491000000069
+491000000070
+491000000071
+491000000072
+491000000073
+491000000074
+491000000075
+491000000076
+491000000077
+491000000078
+491000000079
+491000000080
+491000000081
+491000000082
+491000000083
+491000000084
+491000000085
+491000000086
+491000000087
+491000000088
+491000000089
+491000000090
+491000000091
+491000000092
+491000000093
+491000000094
+491000000095
+491000000096
+491000000097
+491000000098
+491000000099
+491000000100
+491000000101
+491000000102
+491000000103
+491000000104
+491000000105
+491000000106
+491000000107
+491000000108
+491000000109
+491000000110
+491000000111
+491000000112
+491000000113
+491000000114
+491000000115
+491000000116
+491000000117
+491000000118
+491000000119
+491000000120
+491000000121
+491000000122
+491000000123
+491000000124
+491000000125
+491000000126
+491000000127
+491000000128
+491000000129
+491000000130
+491000000131
+491000000132
+491000000133
+491000000134
+491000000135
+491000000136
+491000000137
+491000000138
+491000000139
+491000000140
+491000000141
+491000000142
+491000000143
+491000000144
+491000000145
+491000000146
+491000000147
+491000000148
+491000000149
+491000000150
+491000000151
+491000000152
+491000000153
+491000000154
+491000000155
+491000000156
+491000000157
+491000000158
+491000000159
+491000000160
+491000000161
+491000000162
+491000000163
+491000000164
+491000000165
+491000000166
+491000000167
+491000000168
+491000000169
+491000000170
+491000000171
+491000000172
+491000000173
+491000000174
+491000000175
+491000000176
+491000000177
+491000000178
+491000000179
+491000000180
+491000000181
+491000000182
+491000000183
+491000000184
+491000000185
+491000000186
+491000000187
+491000000188
+491000000189
+491000000190
+491000000191
+491000000192
+491000000193
+491000000194
+491000000195
+491000000196
+491000000197
+491000000198
+491000000199
+491000000200
+491000000201
+491000000202
+491000000203
+491000000204
+491000000205
+491000000206
+491000000207
+491000000208
+491000000209
+491000000210
+491000000211
+491000000212
+491000000213
+491000000214
+491000000215
+491000000216
+491000000217
+491000000218
+491000000219
+491000000220
+491000000221
+491000000222
+491000000223
+491000000224
+491000000225
+491000000226
+491000000227
+491000000228
+491000000229
+491000000230
+491000000231
+491000000232
+491000000233
+491000000234
+491000000235
+491000000236
+491000000237
+491000000238
+491000000239
+491000000240
+491000000241
+491000000242
+491000000243
+491000000244
+491000000245
+491000000246
+491000000247
+491000000248
+491000000249
+491000000250
+491000000251
+491000000252
+491000000253
+491000000254
+491000000255
+491000000256
+491000000257
+491000000258
+491000000259
+491000000260
+491000000261
+491000000262
+491000000263
+491000000264
+491000000265
+491000000266
+491000000267
+491000000268
+491000000269
+491000000270
+491000000271
+491000000272
+491000000273
+491000000274
+491000000275
+491000000276
+491000000277
+491000000278
+491000000279
+491000000280
+491000000281
+491000000282
+491000000283
+491000000284
+491000000285
+491000000286
+491000000287
+491000000288
+491000000289
+491000000290
+491000000291
+491000000292
+491000000293
+491000000294
+491000000295
+491000000296
+491000000297
+491000000298
+491000000299
+491000000300
+491000000301
+491000000302
+491000000303
+491000000304
+491000000305
+491000000306
+491000000307
+491000000308
+491000000309
+491000000310
+491000000311
+491000000312
+491000000313
+491000000314
+491000000315
+491000000316
+491000000317
+491000000318
+491000000319
+491000000320
+491000000321
+491000000322
+491000000323
+491000000324
+491000000325
+491000000326
+491000000327
+491000000328
+491000000329
+491000000330
+491000000331
+491000000332
+491000000333
+491000000334
+491000000335
+491000000336
+491000000337
+491000000338
+491000000339
+491000000340
+491000000341
+491000000342
+491000000343
+491000000344
+491000000345
+491000000346
+491000000347
+491000000348
+491000000349
+491000000350
+491000000351
+491000000352
+491000000353
+491000000354
+491000000355
+491000000356
+491000000357
+491000000358
+491000000359
+491000000360
+491000000361
+491000000362
+491000000363
+491000000364
+491000000365
+491000000366
+491000000367
+491000000368
+491000000369
+491000000370
+491000000371
+491000000372
+491000000373
+491000000374
+491000000375
+491000000376
+491000000377
+491000000378
+491000000379
+491000000380
+491000000381
+491000000382
+491000000383
+491000000384
+491000000385
+491000000386
+491000000387
+491000000388
+491000000389
+491000000390
+491000000391
+491000000392
+491000000393
+491000000394
+491000000395
+491000000396
+491000000397
+491000000398
+491000000399
+491000000400
+491000000401
+491000000402
+491000000403
+491000000404
+491000000405
+491000000406
+491000000407
+491000000408
+491000000409
+491000000410
+491000000411
+491000000412
+491000000413
+491000000414
+491000000415
+491000000416
+491000000417
+491000000418
+491000000419
+491000000420
+491000000421
+491000000422
+491000000423
+491000000424
+491000000425
+491000000426
+491000000427
+491000000428
+491000000429
+491000000430
+491000000431
+491000000432
+491000000433
+491000000434
+491000000435
+491000000436
+491000000437
+491000000438
+491000000439
+491000000440
+491000000441
+491000000442
+491000000443
+491000000444
+491000000445
+491000000446
+491000000447
+491000000448
+491000000449
+491000000450
+491000000451
+491000000452
+491000000453
+491000000454
+491000000455
+491000000456
+491000000457
+491000000458
+491000000459
+491000000460
+491000000461
+491000000462
+491000000463
+491000000464
+491000000465
+491000000466
+491000000467
+491000000468
+491000000469
+491000000470
+491000000471
+491000000472
+491000000473
+491000000474
+491000000475
+491000000476
+491000000477
+491000000478
+491000000479
+491000000480
+491000000481
+491000000482
+491000000483
+491000000484
+491000000485
+491000000486
+491000000487
+491000000488
+491000000489
+491000000490
+491000000491
+491000000492
+491000000493
+491000000494
+491000000495
+491000000496
+491000000497
+491000000498
+491000000499
+491000000500
+491000000501
+491000000502
+491000000503
+491000000504
+491000000505
+491000000506
+491000000507
+491000000508
+491000000509
+491000000510
+491000000511
+491000000512
+491000000513
+491000000514
+491000000515
+491000000516
+491000000517
+491000000518
+491000000519
+491000000520
+491000000521
+491000000522
+491000000523
+491000000524
+491000000525
+491000000526
+491000000527
+491000000528
+491000000529
+491000000530
+491000000531
+491000000532
+491000000533
+491000000534
+491000000535
+491000000536
+491000000537
+491000000538
+491000000539
+491000000540
+491000000541
+491000000542
+491000000543
+491000000544
+491000000545
+491000000546
+491000000547
+491000000548
+491000000549
+491000000550
+491000000551
+491000000552
+491000000553
+491000000554
+491000000555
+491000000556
+491000000557
+491000000558
+491000000559
+491000000560
+491000000561
+491000000562
+491000000563
+491000000564
+491000000565
+491000000566
+491000000567
+491000000568
+491000000569
+491000000570
+491000000571
+491000000572
+491000000573
+491000000574
+491000000575
+491000000576
+491000000577
+491000000578
+491000000579
+491000000580
+491000000581
+491000000582
+491000000583
+491000000584
+491000000585
+491000000586
+491000000587
+491000000588
+491000000589
+491000000590
+491000000591
+491000000592
+491000000593
+491000000594
+491000000595
+491000000596
+491000000597
+491000000598
+491000000599
+491000000600
+491000000601
+491000000602
+491000000603
+491000000604
+491000000605
+491000000606
+491000000607
+491000000608
+491000000609
+491000000610
+491000000611
+491000000612
+491000000613
+491000000614
+491000000615
+491000000616
+491000000617
+491000000618
+491000000619
+491000000620
+491000000621
+491000000622
+491000000623
+491000000624
+491000000625
+491000000626
+491000000627
+491000000628
+491000000629
+491000000630
+491000000631
+491000000632
+491000000633
+491000000634
+491000000635
+491000000636
+491000000637
+491000000638
+491000000639
+491000000640
+491000000641
+491000000642
+491000000643
+491000000644
+491000000645
+491000000646
+491000000647
+491000000648
+491000000649
+491000000650
+491000000651
+491000000652
+491000000653
+491000000654
+491000000655
+491000000656
+491000000657
+491000000658
+491000000659
+491000000660
+491000000661
+491000000662
+491000000663
+491000000664
+491000000665
+491000000666
+491000000667
+491000000668
+491000000669
+491000000670
+491000000671
+491000000672
+491000000673
+491000000674
+491000000675
+491000000676
+491000000677
+491000000678
+491000000679
+491000000680
+491000000681
+491000000682
+491000000683
+491000000684
+491000000685
+491000000686
+491000000687
+491000000688
+491000000689
+491000000690
+491000000691
+491000000692
+491000000693
+491000000694
+491000000695
+491000000696
+491000000697
+491000000698
+491000000699
+491000000700
+491000000701
+491000000702
+491000000703
+491000000704
+491000000705
+491000000706
+491000000707
+491000000708
+491000000709
+491000000710
+491000000711
+491000000712
+491000000713
+491000000714
+491000000715
+491000000716
+491000000717
+491000000718
+491000000719
+491000000720
+491000000721
+491000000722
+491000000723
+491000000724
+491000000725
+491000000726
+491000000727
+491000000728
+491000000729
+491000000730
+491000000731
+491000000732
+491000000733
+491000000734
+491000000735
+491000000736
+491000000737
+491000000738
+491000000739
+491000000740
+491000000741
+491000000742
+491000000743
+491000000744
+491000000745
+491000000746
+491000000747
+491000000748
+491000000749
+491000000750
+491000000751
+491000000752
+491000000753
+491000000754
+491000000755
+491000000756
+491000000757
+491000000758
+491000000759
+491000000760
+491000000761
+491000000762
+491000000763
+491000000764
+491000000765
+491000000766
+491000000767
+491000000768
+491000000769
+491000000770
+491000000771
+491000000772
+491000000773
+491000000774
+491000000775
+491000000776
+491000000777
+491000000778
+491000000779
+491000000780
+491000000781
+491000000782
+491000000783
+491000000784
+491000000785
+491000000786
+491000000787
+491000000788
+491000000789
+491000000790
+491000000791
+491000000792
+491000000793
+491000000794
+491000000795
+491000000796
+491000000797
+491000000798
+491000000799
+491000000800
+491000000801
+491000000802
+491000000803
+491000000804
+491000000805
+491000000806
+491000000807
+491000000808
+491000000809
+491000000810
+491000000811
+491000000812
+491000000813
+491000000814
+491000000815
+491000000816
+491000000817
+491000000818
+491000000819
+491000000820
+491000000821
+491000000822
+491000000823
+491000000824
+491000000825
+491000000826
+491000000827
+491000000828
+491000000829
+491000000830
+491000000831
+491000000832
+491000000833
+491000000834
+491000000835
+491000000836
+491000000837
+491000000838
+491000000839
+491000000840
+491000000841
+491000000842
+491000000843
+491000000844
+491000000845
+491000000846
+491000000847
+491000000848
+491000000849
+491000000850
+491000000851
+491000000852
+491000000853
+491000000854
+491000000855
+491000000856
+491000000857
+491000000858
+491000000859
+491000000860
+491000000861
+491000000862
+491000000863
+491000000864
+491000000865
+491000000866
+491000000867
+491000000868
+491000000869
+491000000870
+491000000871
+491000000872
+491000000873
+491000000874
+491000000875
+491000000876
+491000000877
+491000000878
+491000000879
+491000000880
+491000000881
+491000000882
+491000000883
+491000000884
+491000000885
+491000000886
+491000000887
+491000000888
+491000000889
+491000000890
+491000000891
+491000000892
+491000000893
+491000000894
+491000000895
+491000000896
+491000000897
+491000000898
+491000000899
+491000000900
+491000000901
+491000000902
+491000000903
+491000000904
+491000000905
+491000000906
+491000000907
+491000000908
+491000000909
+491000000910
+491000000911
+491000000912
+491000000913
+491000000914
+491000000915
+491000000916
+491000000917
+491000000918
+491000000919
+491000000920
+491000000921
+491000000922
+491000000923
+491000000924
+491000000925
+491000000926
+491000000927
+491000000928
+491000000929
+491000000930
+491000000931
+491000000932
+491000000933
+491000000934
+491000000935
+491000000936
+491000000937
+491000000938
+491000000939
+491000000940
+491000000941
+491000000942
+491000000943
+491000000944
+491000000945
+491000000946
+491000000947
+491000000948
+491000000949
+491000000950
+491000000951
+491000000952
+491000000953
+491000000954
+491000000955
+491000000956
+491000000957
+491000000958
+491000000959
+491000000960
+491000000961
+491000000962
+491000000963
+491000000964
+491000000965
+491000000966
+491000000967
+491000000968
+491000000969
+491000000970
+491000000971
+491000000972
+491000000973
+491000000974
+491000000975
+491000000976
+491000000977
+491000000978
+491000000979
+491000000980
+491000000981
+491000000982
+491000000983
+491000000984
+491000000985
+491000000986
+491000000987
+491000000988
+491000000989
+491000000990
+491000000991
+491000000992
+491000000993
+491000000994
+491000000995
+491000000996
+491000000997
+491000000998
+491000000999
