+441000000000
+441000000001
+441000000002
+441000000003
+441000000004
+441000000005
+441000000006
+441000000007
+441000000008
+441000000009
+441000000010
+441000000011
+441000000012
+441000000013
+441000000014
+441000000015
+441000000016
+441000000017
+441000000018
+441000000019
+441000000020
+441000000021
+441000000022
+441000000023
+441000000024
+441000000025
+441000000026
+441000000027
+441000000028
+441000000029
+441000000030
+441000000031
+441000000032
+441000000033
+441000000034
+441000000035
+441000000036
+441000000037
+441000000038
+441000000039
+441000000040
+441000000041
+441000000042
+441000000043
+441000000044
+441000000045
+441000000046
+441000000047
+441000000048
+441000000049
+441000000050
+441000000051
+441000000052
+441000000053
+441000000054
+441000000055
+441000000056
+441000000057
+441000000058
+441000000059
+441000000060
+441000000061
+441000000062
+441000000063
+441000000064
+441000000065
+441000000066
+441000000067
+441000000068
+441000000069
+441000000070
+441000000071
+441000000072
+441000000073
+441000000074
+441000000075
+441000000076
+441000000077
+441000000078
+441000000079
+441000000080
+441000000081
+441000000082
+441000000083
+441000000084
+441000000085
+441000000086
+441000000087
+441000000088
+441000000089
+441000000090
+441000000091
+441000000092
+441000000093
+441000000094
+441000000095
+441000000096
+441000000097
+441000000098
+441000000099
+441000000100
+441000000101
+441000000102
+441000000103
+441000000104
+441000000105
+441000000106
+441000000107
+441000000108
+441000000109
+441000000110
+441000000111
+441000000112
+441000000113
+441000000114
+441000000115
+441000000116
+441000000117
+441000000118
+441000000119
+441000000120
+441000000121
+441000000122
+441000000123
+441000000124
+441000000125
+441000000126
+441000000127
+441000000128
+441000000129
+441000000130
+441000000131
+441000000132
+441000000133
+441000000134
+441000000135
+441000000136
+441000000137
+441000000138
+441000000139
+441000000140
+441000000141
+441000000142
+441000000143
+441000000144
+441000000145
+441000000146
+441000000147
+441000000148
+441000000149
+441000000150
+441000000151
+441000000152
+441000000153
+441000000154
+441000000155
+441000000156
+441000000157
+441000000158
+441000000159
+441000000160
+441000000161
+441000000162
+441000000163
+441000000164
+441000000165
+441000000166
+441000000167
+441000000168
+441000000169
+441000000170
+441000000171
+441000000172
+441000000173
+441000000174
+441000000175
+441000000176
+441000000177
+441000000178
+441000000179
+441000000180
+441000000181
+441000000182
+441000000183
+441000000184
+441000000185
+441000000186
+441000000187
+441000000188
+441000000189
+441000000190
+441000000191
+441000000192
+441000000193
+441000000194
+441000000195
+441000000196
+441000000197
+441000000198
+441000000199
+441000000200
+441000000201
+441000000202
+441000000203
+441000000204
+441000000205
+441000000206
+441000000207
+441000000208
+441000000209
+441000000210
+441000000211
+441000000212
+441000000213
+441000000214
+441000000215
+441000000216
+441000000217
+441000000218
+441000000219
+441000000220
+441000000221
+441000000222
+441000000223
+441000000224
+441000000225
+441000000226
+441000000227
+441000000228
+441000000229
+441000000230
+441000000231
+441000000232
+441000000233
+441000000234
+441000000235
+441000000236
+441000000237
+441000000238
+441000000239
+441000000240
+441000000241
+441000000242
+441000000243
+441000000244
+441000000245
+441000000246
+441000000247
+441000000248
+441000000249
+441000000250
+441000000251
+441000000252
+441000000253
+441000000254
+441000000255
+441000000256
+441000000257
+441000000258
+441000000259
+441000000260
+441000000261
+441000000262
+441000000263
+441000000264
+441000000265
+441000000266
+441000000267
+441000000268
+441000000269
+441000000270
+441000000271
+441000000272
+441000000273
+441000000274
+441000000275
+441000000276
+441000000277
+441000000278
+441000000279
+441000000280
+441000000281
+441000000282
+441000000283
+441000000284
+441000000285
+441000000286
+441000000287
+441000000288
+441000000289
+441000000290
+441000000291
+441000000292
+441000000293
+441000000294
+441000000295
+441000000296
+441000000297
+441000000298
+441000000299
+441000000300
+441000000301
+441000000302
+441000000303
+441000000304
+441000000305
+441000000306
+441000000307
+441000000308
+441000000309
+441000000310
+441000000311
+441000000312
+441000000313
+441000000314
+441000000315
+441000000316
+441000000317
+441000000318
+441000000319
+441000000320
+441000000321
+441000000322
+441000000323
+441000000324
+441000000325
+441000000326
+441000000327
+441000000328
+441000000329
+441000000330
+441000000331
+441000000332
+441000000333
+441000000334
+441000000335
+441000000336
+441000000337
+441000000338
+441000000339
+441000000340
+441000000341
+441000000342
+441000000343
+441000000344
+441000000345
+441000000346
+441000000347
+441000000348
+441000000349
+441000000350
+441000000351
+441000000352
+441000000353
+441000000354
+441000000355
+441000000356
+441000000357
+441000000358
+441000000359
+441000000360
+441000000361
+441000000362
+441000000363
+441000000364
+441000000365
+441000000366
+441000000367
+441000000368
+441000000369
+441000000370
+441000000371
+441000000372
+441000000373
+441000000374
+441000000375
+441000000376
+441000000377
+441000000378
+441000000379
+441000000380
+441000000381
+441000000382
+441000000383
+441000000384
+441000000385
+441000000386
+441000000387
+441000000388
+441000000389
+441000000390
+441000000391
+441000000392
+441000000393
+441000000394
+441000000395
+441000000396
+441000000397
+441000000398
+441000000399
+441000000400
+441000000401
+441000000402
+441000000403
+441000000404
+441000000405
+441000000406
+441000000407
+441000000408
+441000000409
+441000000410
+441000000411
+441000000412
+441000000413
+441000000414
+441000000415
+441000000416
+441000000417
+441000000418
+441000000419
+441000000420
+441000000421
+441000000422
+441000000423
+441000000424
+441000000425
+441000000426
+441000000427
+441000000428
+441000000429
+441000000430
+441000000431
+441000000432
+441000000433
+441000000434
+441000000435
+441000000436
+441000000437
+441000000438
+441000000439
+441000000440
+441000000441
+441000000442
+441000000443
+441000000444
+441000000445
+441000000446
+441000000447
+441000000448
+441000000449
+441000000450
+441000000451
+441000000452
+441000000453
+441000000454
+441000000455
+441000000456
+441000000457
+441000000458
+441000000459
+441000000460
+441000000461
+441000000462
+441000000463
+441000000464
+441000000465
+441000000466
+441000000467
+441000000468
+441000000469
+441000000470
+441000000471
+441000000472
+441000000473
+441000000474
+441000000475
+441000000476
+441000000477
+441000000478
+441000000479
+441000000480
+441000000481
+441000000482
+441000000483
+441000000484
+441000000485
+441000000486
+441000000487
+441000000488
+441000000489
+441000000490
+441000000491
+441000000492
+441000000493
+441000000494
+441000000495
+441000000496
+441000000497
+441000000498
+441000000499
+441000000500
+441000000501
+441000000502
+441000000503
+441000000504
+441000000505
+441000000506
+441000000507
+441000000508
+441000000509
+441000000510
+441000000511
+441000000512
+441000000513
+441000000514
+441000000515
+441000000516
+441000000517
+441000000518
+441000000519
+441000000520
+441000000521
+441000000522
+441000000523
+441000000524
+441000000525
+441000000526
+441000000527
+441000000528
+441000000529
+441000000530
+441000000531
+441000000532
+441000000533
+441000000534
+441000000535
+441000000536
+441000000537
+441000000538
+441000000539
+441000000540
+441000000541
+441000000542
+441000000543
+441000000544
+441000000545
+441000000546
+441000000547
+441000000548
+441000000549
+441000000550
+441000000551
+441000000552
+441000000553
+441000000554
+441000000555
+441000000556
+441000000557
+441000000558
+441000000559
+441000000560
+441000000561
+441000000562
+441000000563
+441000000564
+441000000565
+441000000566
+441000000567
+441000000568
+441000000569
+441000000570
+441000000571
+441000000572
+441000000573
+441000000574
+441000000575
+441000000576
+441000000577
+441000000578
+441000000579
+441000000580
+441000000581
+441000000582
+441000000583
+441000000584
+441000000585
+441000000586
+441000000587
+441000000588
+441000000589
+441000000590
+441000000591
+441000000592
+441000000593
+441000000594
+441000000595
+441000000596
+441000000597
+441000000598
+441000000599
+441000000600
+441000000601
+441000000602
+441000000603
+441000000604
+441000000605
+441000000606
+441000000607
+441000000608
+441000000609
+441000000610
+441000000611
+441000000612
+441000000613
+441000000614
+441000000615
+441000000616
+441000000617
+441000000618
+441000000619
+441000000620
+441000000621
+441000000622
+441000000623
+441000000624
+441000000625
+441000000626
+441000000627
+441000000628
+441000000629
+441000000630
+441000000631
+441000000632
+441000000633
+441000000634
+441000000635
+441000000636
+441000000637
+441000000638
+441000000639
+441000000640
+441000000641
+441000000642
+441000000643
+441000000644
+441000000645
+441000000646
+441000000647
+441000000648
+441000000649
+441000000650
+441000000651
+441000000652
+441000000653
+441000000654
+441000000655
+441000000656
+441000000657
+441000000658
+441000000659
+441000000660
+441000000661
+441000000662
+441000000663
+441000000664
+441000000665
+441000000666
+441000000667
+441000000668
+441000000669
+441000000670
+441000000671
+441000000672
+441000000673
+441000000674
+441000000675
+441000000676
+441000000677
+441000000678
+441000000679
+441000000680
+441000000681
+441000000682
+441000000683
+441000000684
+441000000685
+441000000686
+441000000687
+441000000688
+441000000689
+441000000690
+441000000691
+441000000692
+441000000693
+441000000694
+441000000695
+441000000696
+441000000697
+441000000698
+441000000699
+441000000700
+441000000701
+441000000702
+441000000703
+441000000704
+441000000705
+441000000706
+441000000707
+441000000708
+441000000709
+441000000710
+441000000711
+441000000712
+441000000713
+441000000714
+441000000715
+441000000716
+441000000717
+441000000718
+441000000719
+441000000720
+441000000721
+441000000722
+441000000723
+441000000724
+441000000725
+441000000726
+441000000727
+441000000728
+441000000729
+441000000730
+441000000731
+441000000732
+441000000733
+441000000734
+441000000735
+441000000736
+441000000737
+441000000738
+441000000739
+441000000740
+441000000741
+441000000742
+441000000743
+441000000744
+441000000745
+441000000746
+441000000747
+441000000748
+441000000749
+441000000750
+441000000751
+441000000752
+441000000753
+441000000754
+441000000755
+441000000756
+441000000757
+441000000758
+441000000759
+441000000760
+441000000761
+441000000762
+441000000763
+441000000764
+441000000765
+441000000766
+441000000767
+441000000768
+441000000769
+441000000770
+441000000771
+441000000772
+441000000773
+441000000774
+441000000775
+441000000776
+441000000777
+441000000778
+441000000779
+441000000780
+441000000781
+441000000782
+441000000783
+441000000784
+441000000785
+441000000786
+441000000787
+441000000788
+441000000789
+441000000790
+441000000791
+441000000792
+441000000793
+441000000794
+441000000795
+441000000796
+441000000797
+441000000798
+441000000799
+441000000800
+441000000801
+441000000802
+441000000803
+441000000804
+441000000805
+441000000806
+441000000807
+441000000808
+441000000809
+441000000810
+441000000811
+441000000812
+441000000813
+441000000814
+441000000815
+441000000816
+441000000817
+441000000818
+441000000819
+441000000820
+441000000821
+441000000822
+441000000823
+441000000824
+441000000825
+441000000826
+441000000827
+441000000828
+441000000829
+441000000830
+441000000831
+441000000832
+441000000833
+441000000834
+441000000835
+441000000836
+441000000837
+441000000838
+441000000839
+441000000840
+441000000841
+441000000842
+441000000843
+441000000844
+441000000845
+441000000846
+441000000847
+441000000848
+441000000849
+441000000850
+441000000851
+441000000852
+441000000853
+441000000854
+441000000855
+441000000856
+441000000857
+441000000858
+441000000859
+441000000860
+441000000861
+441000000862
+441000000863
+441000000864
+441000000865
+441000000866
+441000000867
+441000000868
+441000000869
+441000000870
+441000000871
+441000000872
+441000000873
+441000000874
+441000000875
+441000000876
+441000000877
+441000000878
+441000000879
+441000000880
+441000000881
+441000000882
+441000000883
+441000000884
+441000000885
+441000000886
+441000000887
+441000000888
+441000000889
+441000000890
+441000000891
+441000000892
+441000000893
+441000000894
+441000000895
+441000000896
+441000000897
+441000000898
+441000000899
+441000000900
+441000000901
+441000000902
+441000000903
+441000000904
+441000000905
+441000000906
+441000000907
+441000000908
+441000000909
+441000000910
+441000000911
+441000000912
+441000000913
+441000000914
+441000000915
+441000000916
+441000000917
+441000000918
+441000000919
+441000000920
+441000000921
+441000000922
+441000000923
+441000000924
+441000000925
+441000000926
+441000000927
+441000000928
+441000000929
+441000000930
+441000000931
+441000000932
+441000000933
+441000000934
+441000000935
+441000000936
+441000000937
+441000000938
+441000000939
+441000000940
+441000000941
+441000000942
+441000000943
+441000000944
+441000000945
+441000000946
+441000000947
+441000000948
+441000000949
+441000000950
+441000000951
+441000000952
+441000000953
+441000000954
+441000000955
+441000000956
+441000000957
+441000000958
+441000000959
+441000000960
+441000000961
+441000000962
+441000000963
+441000000964
+441000000965
+441000000966
+441000000967
+441000000968
+441000000969
+441000000970
+441000000971
+441000000972
+441000000973
+441000000974
+441000000975
+441000000976
+441000000977
+441000000978
+441000000979
+441000000980
+441000000981
+441000000982
+441000000983
+441000000984
+441000000985
+441000000986
+441000000987
+441000000988
+441000000989
+441000000990
+441000000991
+441000000992
+441000000993
+441000000994
+441000000995
+441000000996
+441000000997
+441000000998
+441000000999
